1
-1
6
-1
6
2
1
2
-16
-1
-9
-1
1
-1
1
2
-2
-1
6
-1
-2
-1
-61
-1
-2
2
-2
2
1
-1
-2
58
-2
-1
1
-1
1
-1
1
-1
1
2
1
-1
1
2
1
2
1
-1
-22
2
-2
-1
-2
-58
-2
-1
1
10
1
2
1
-1
1
-6
-2
-6
1
2
-2
-6
-2
-1
176
-1
-2
-1
1
2
-2
-1
-2
-1
6
-1
1
-37
1
-1
1
-1
6
-1
1
2
-16
-1
1
2
-62
54
-26
2
1
2
6
-1
1
2
-22
-1
-2
-1
1
-1
-2
-1
-2
-9
-2
-1
-2
2
1
-1
1
-15
1
-1
1
-1
1
2
-2
2
-2
2
1
-1
-2
2
-2
2
1
2
1
-1
1
-1
1
-1
-2
2
-19
-1
-2
-1
1
-1
1
-1
-2
-1
-49
-31
1
2
1
-1
-2
-1
-18
-1
-6
2
6
-1
1
-28
-2
-1
1
-43
-2
-1
1
2
1
2
-2
6
-6
-18
1
-1
-6
42
-2
2
1
2
1
2
-2
-1
-2
-1
-2
2
1
2
1
-6
1
-41
6
2
-16
-1
1
2
-2
-1
1
2
-21
-1
1
-1
47
-1
1
2
-2
-1
1
-13
1
-1
-2
-1
-10
2
-2
-1
1
-1
-2
-1
-6
-6
-2
-1
-6
-40
-2
-6
1
-1
6
-6
1
2
124
-1
1
-1
1
-1
1
-6
1
2
1
2
1
2
6
-6
-2
-1
1
2
-2
2
-19
2
1
-1
1
-1
-2
less NIT!!!!!!!!!!!!
55
1
-1
-6
2
-10
-1
-16
-1
1
2
1
-1
-2
-1
1
2
1
2
-2
44
1
-1
-2
-1
1
-1
1
-16
-2
-11
1
-1
1
2
1
-1
-2
-6
-6
2
1
-1
1
-1
-2
-1
-2
2
1
-1
1
-1
-2
2
-2
-1
-2
-1
1
-1
-2
-1
-2
-31
-2
-1
1
-1
1
-1
1
-1
-2
-9
1
2
1
-6
-41
-1
-2
2
-2
-1
6
-1
-2
-1
1
2
-2
-1
1
-6
-11
2
1
2
1
-1
1
-1
-2
-6
1
2
1
38
1
-1
1
2
-2
2
1
-16
-2
2
-2
-1
6
-1
1
2
-2
-1
-2
-1
-2
34
-2
-1
-2
-1
6
-1
1
-1
-9
2
-2
-1
1
2
1
-1
-99
2
1
-1
6
2
-2
2
-2
-1
-2
2
-2
2
-100
-6
1
-1
1
42
1
-1
-40
2
1
-1
1
-1
1
-1
1
2
1
2
1
-1
-6
2
1
-16
-2
-1
70
-1
1
-6
1
-84
1
-1
1
2
-2
2
1
-1
-14
2
1
-1
1
-1
1
-1
6
-1
-2
-1
1
-88
1
2
1
-1
1
2
-2
-1
1
-1
1
2
-2
-1
-93
-1
-2
-1
-2
2
1
-1
-2
-1
-22
-1
1
2
1
-1
1
2
1
2
1
2
1
-1
1
2
1
2
1
2
1
-1
1
2
1
-1
1
-1
1
-1
1
-1
1
2
1
2
1
-1
1
-1
1
-1
1
-1
1
2
1
2
1
-1
1
-1
1
-1
1
-1
1
2
1
2
1
-1
1
2
1
2
1
2
1
-1
1
-1
1
2
1
-1
1
-1
1
2
1
2
1
2
1
2
1
-1
1
2
1
2
1
-1
1
-1
1
2
1
-1
1
2
1
-1
1
2
1
2
1
2
1
2
1
2
1
2
1
-1
1
-1
1
2
1
2
1
2
1
-1
1
2
1
2
1
2
1
-1
1
-1
1
2
1
-1
1
-1
1
2
1
-1
1
2
1
-1
1
-1
1
2
1
-1
1
2
1
2
1
-1
1
2
1
2
1
2
1
2
1
-1
1
-1
1
-1
1
-1
1
2
1
2
1
2
1
2
1
2
1
-1
1
2
1
2
1
-1
1
-1
1
2
1
-1
1
2
1
-1
1
2
1
-1
1
2
1
-1
1
2
1
2
1
2
1
2
1
2
1
2
1
2
1
-1
1
-1
1
-1
1
-1
1
-1
1
2
1
-1
1
-1
1
-1
1
-1
1
-1
1
-1
1
2
1
-1
1
-1
1
2
1
2
1
-1
1
-1
1
-1
1
-1
1
2
1
2
1
2
1
-1
1
-1
1
2
1
2
1
2
1
-1
1
2
1
2
1
-1
1
2
1
2
1
2
1
-1
1
-1
1
2
1
-1
1
-1
1
-1
1
2
1
-1
1
-1
1
2
1
-1
1
-1
1
2
1
-1
1
-1
1
-1
1
2
1
-1
1
-1
1
-1
1
2
1
-1
1
-1
1
2
1
2
1
2
1
2
1
-1
1
-1
1
2
1
-1
1
-1
1
2
1
2
1
-1
1
2
1
-1
1
2
1
-1
1
-1
1
2
1
2
1
-1
1
-1
1
2
1
2
1
2
1
2
1
2
1
2
1
-1
1
2
1
2
1
-1
1
-1
1
2
1
2
1
-1
1
2
1
-1
1
2
1
-1
1
-1
1
2
1
2
1
2
1
2
1
-1
1
-1
1
-1
1
-1
1
-1
1
2
1
-1
1
2
1
-1
1
-1
1
2
1
2
1
-1
1
2
1
2
27.243
84
38
bluff pm: 0
normal bluff pm: 0
normal bluff wins: 0
normal bluff losses: 0
two check bluff pm: 0
two check wins: 0
two check losses: 0
one check bluff pm: 0
one check wins: 0
one check losses: 0
0
0
