2
1
-6
-2
2
1
-1
1
-1
1
-1
1
-1
1 check bluff
22
2
-2
-1
1
2 check bluff
16
16
-1
1
2
1
-1
1
-1
1
9
-2
2
-2
-1
-2
-1
-2
2
1
-1
-43
2
1
-1
-2
2
1
-9
1
-1
1
-25
1
2
1
-1
-2
-1
6
2
1
2
-2
-1
-2
2
-2
-1
-395
-1
-2
400
1
-1
-6
2
-2
2
-65
-1
-2
2
1
-1
-2
2
1
-1
6
-6
1
2 check bluff
16
1
-1
6
2
1
2
1
1 check bluff
27
6
2
-16
-1
bluffed
9
-1
-2
2
-2
-1
-2
-1
1
2
1
-1
1
2
-34
2
1
-1
1
-1
6
2
1
-6
-2
-1
-2
2
-2
2
6
-1
-2
2
6
9
-43
9
-2
-1
-2
-6
1
-1
-2
-1
1
1 check bluff
39
-6
-1
1
-1
1
-1
1
-1
1
-1
1
-1
1
1 check bluff
30
-2
-1
-42
-1
1
-1
-2
-1
1
2
-2
-1
-2
-1
-21
2
1
-1
-2
-6
1
-1
1
-1
1
2
-2
2
-2
-1
1
-6
6
-1
1
50
-2
2
-2
2
1
2
-6
2
-2
-1
1
6
-2
-1
1
-1
1
1 check bluff
6
-2
-1
-53
-9
6
2 check bluff
18
-2
2
1
-1
-2
2
-2
6
6
-1
bluffed
6
2
-2
2
-2
-1
1
-1
1
1 check bluff
28
-2
-1
1
-1
-2
2
1
-6
1
-1
1
-1
6
-1
6
1 check bluff
45
-2
-1
1
2
1
-1
1
2
1
2
1
2
1
2
-2
2
-2
-1
1
-1
1
2
-2
-6
1
2 check bluff
45
1
-1
1
2
1
-1
-2
2
1
-1
-2
-1
6
-1
-2
-1
-2
-1
-2
-14
-2
-1
-2
2
-2
-1
-2
2
1
-1
1
-1
-2
-1
1
2
-2
2
1
2
-2
-1
1
-1
-2
-1
1
-1
-2
-1
1
-1
-2
2
1
-1
1
2
-2
-1
1
-1
-16
-1
-2
2
1
2
-2
-6
1
-6
1
-1
6
-1
-2
2
1
2
1
-1
-2
2
-2
2
1
-1
-2
-16
1
-1
1
-1
1
-1
-2
-6
1
-1
-2
-6
-22
-1
1
2 check bluff
6
1
-1
1
-1
6
-6
1
-1
-2
-1
1
2
-6
-1
-2
-1
-2
-1
6
-1
-2
-1
1
2
1
1 check bluff
33
1
-1
1
-6
1
-1
-16
-6
1
2
1
-1
-2
2
6
-9
-2
-1
-2
-1
1
-1
-6
2
6
-1
-2
2
-2
-1
1
-1
1
-1
1
-1
1
-1
1
-1
-2
-1
1
2
-2
-1
1
2
1
-1
1
-1
1
2
1
62
-2
-1
-22
-1
1
-1
-2
2
-2
-1
-2
-1
1
2
1
-1
-2
2
-2
-1
1
-1
-2
2
-29
-6
1
2
1
2
-2
2
1
-1
-2
2
-2
2
-2
2
28
-1
1
2
-17
-1
1
-9
-2
2
1
2
1
-1
1
-1
1
-1
1
-6
-2
-1
235
-1
-2
-1
1
2
-2
-1
1
-1
-2
2
-2
2
-2
-1
1
-1
-6
-1
-2
2
1
-1
6
2
-2
2
1
-1
6
-1
1
-16
1
2
-2
-1
1
-1
1
-1
-2
-1
1
-1
-2
-1
6
2
-6
-1
1
-1
15
-1
6
2
1
2
1
2
-2
-1
1
-6
-2
-1
1
2
-6
-6
-2
-6
-2
-1
1
2
-16
-1
1
2
-2
-1
-6
2
-2
-1
6
2
1
-1
-2
1 check bluff
116
-2
-1
1
-1
6
-1
-2
-1
-2
2
1
-1
1
-1
-2
2
-2
-1
6
2
-2
-1
1
2
-2
-1
1
-1
22
-1
-2
-1
1
2
bluffed
42
-6
1
-1
1
-1
-2
2
-2
2
-2
-1
bluffed
16
-1
1
-1
1
-1
-2
2
1
-1
1
2
1
2 check bluff
6
-2
-1
1
-1
9
6
1
2
-2
2
1
6
-2
-1
1
-1
1
-1
1
-1
-2
-1
1
-1
-2
-1
1
-1
-2
2
-2
2
-2
-1
1
2
-188
2
-2
-1
1
-1
1
-1
1
2
1
-1
1
-1
1
2
-2
-1
6
1 check bluff
6
-2
2 check bluff
6
6
2
-2
-1
1
-1
1
-1
1
-1
-2
-1
-2
2
1
-1
1
2
1
-1
1
-1
1
-1
1
-1
1
-1
1
2 check bluff
6
1
2
-2
-1
1
-1
-2
-1
1
2
1
-149
1
-1
1
-1
-2
-1
-2
2
6
-1
31
2
-2
-1
1
2
bluffed
43
-6
1
-1
-2
-1
-2
-1
1
-1
-2
-1
-2
-1
1
-1
18
2
-2
-1
1
-6
1
2
-2
-6
1
-1
-2
-1
-2
9
1
2
1
-1
-2
2
-2
-1
1 check bluff
-149
2
1
-1
-2
-1
1
-1
-2
-1
1
-1
1
2
-2
2
1
2
1
-6
1
-1
bluffed
6
2
1
2
1
-1
1
2
1
-1
-2
2
1
-1
bluffed
16
2
1
-1
1
-1
6
2
6
-1
1
-1
-2
-1
1
2
1
2
6
2
-2
2
6
2
1
2
1
2
-2
6
6
-1
1
-1
1
-1
1
-1
-2
-1
1
2
1
-1
1
-1
1
2
-2
-1
1
2
1
-1
-2
2
1
2
-2
2
-2
-1
1
-1
1
2 check bluff
6
-2
-1
-2
-1
1
2
1
-1
6
-1
-2
-1
-2
-1
1
-1
-2
-1
1
-1
-2
-1
-2
-1
-2
-1
-2
-1
-2
-1
-2
-1
1
-1
1
-1
1
-1
1
-1
-2
-1
-2
-1
1
-1
1
-1
1
-1
-2
26.781
69
27
bluff pm: 466
normal bluff pm: 138
normal bluff wins: 7
normal bluff losses: 0
two check bluff pm: 125
two check wins: 9
two check losses: 0
one check bluff pm: 203
one check wins: 10
one check losses: 1
