1
-1
0.6
0.9
0.75
0.925
0.8999999999999999
0.9500000000000001
0.8999999999999999
0.9500000000000001
-45
0.6
0.9
0.75
0.925
2 check bluff
51
-2
-1
1
0.6
0.9
6
-2
-1
1
-1
-2
2
1
-1
1
0.6
0.9
-9
1
0.6
0.9
0.75
0.925
0.8999999999999999
0.9500000000000001
-26
1
2
-2
0.6
0.9
0.75
0.925
0.8999999999999999
0.9500000000000001
-37
-2
-1
0.6
0.9
0.6
0.9
-24
0.6
0.9
0.75
0.925
-21
-2
-1
-2
-1
-2
2
1
2
1
2
1
-1
1
2
-2
-1
1
2
-2
-1
1
-1
1
-1
1
-1
-2
-1
1
-1
1
-1
-2
2
1
2
-2
0.6
0.9
0.75
0.925
-50
1
-1
0.6
0.9
0.75
0.925
0.75
0.925
-24
-1
1
-1
6
-1
1
-1
1
-1
-2
-1
1
-1
1
-1
1
2
0.6
0.9
0.6
0.9
-16
0.6
0.9
6
1
-1
6
2
0.6
0.9
0.6
0.9
-6
2
1
-1
1
-1
0.6
0.9
0.75
0.925
0.75
0.925
-30
-1
-2
-1
-2
-1
1
-1
1
0.6
0.9
-22
1
-1
1
-1
0.6
0.9
0.75
0.925
0.75
0.925
-6
-1
1
2
1
0.6
0.9
1 check bluff
6
-2
-1
1
-1
-2
-1
1
-1
1
-1
-2
2
-2
-1
1
2
1
2
-2
0.6
0.9
0.75
0.925
-6
1
-1
-2
2
1
-1
0.6
0.9
0.75
0.925
bluffed
13
-1
1
-1
-2
2
-2
2
1
-1
-2
-1
1
2
1
2
1
2
1
0.6
0.9
0.75
0.925
1 check bluff
78
-2
0.6
0.9
0.75
0.925
-17
1
-1
0.6
0.9
0.6
0.9
-6
2
0.6
0.9
bluffed
6
-1
-2
-1
0.6
0.9
22
-1
1
-1
1
-1
1
2
1
-1
-2
-1
-2
2
-2
-1
-2
-1
1
-1
0.6
0.9
0.75
0.925
0.75
0.925
-6
-1
-2
2
1
2
1
-1
1
-1
0.6
0.9
0.75
0.925
19
2
-2
2
0.6
0.9
6
-1
0.6
0.9
0.6
0.9
-64
-1
1
-1
0.6
0.9
0.75
0.925
0.75
0.925
-6
2
1
-1
0.6
0.9
6
-1
-2
-1
0.6
0.9
9
-1
-2
2
1
2
1
0.6
0.9
0.75
0.925
2 check bluff
28
-2
-1
-2
2
1
-1
6
-1
1
-6
-2
2
1
-1
0.6
0.9
0.6
0.9
-22
2
0.6
0.9
0.75
0.925
0.8999999999999999
0.9500000000000001
45
-1
-2
-1
1
-1
-2
-1
1
0.6
0.9
0.75
0.925
0.8999999999999999
0.9500000000000001
2 check bluff
67
1
-1
-2
-1
0.6
0.9
bluffed
6
-1
-2
-1
1
-1
1
2
6
-1
-2
-1
1
-1
-2
2
-2
2
1
0.6
0.9
36
1
-1
1
2
-2
-1
0.6
0.9
0.6
0.9
0.75
0.925
1 check bluff
0.75
0.925
0.8999999999999999
0.9500000000000001
0.8999999999999999
0.9500000000000001
-110
-1
-2
-1
-2
-1
1
2
-2
-1
-2
2
1
2
1
0.6
0.9
22
-2
-1
1
-1
1
-1
1
-1
-2
2
1
-1
1
2
1
0.6
0.9
16
6
-1
1
-1
-2
-1
1
-1
1
-1
1
-1
1
-1
0.6
0.9
16
-1
1
-1
-2
-1
0.6
0.9
0.75
0.925
0.75
0.925
-22
-1
1
2
0.6
0.9
0.6
0.9
-9
0.6
0.9
1 check bluff
6
1
2
-2
-6
-2
0.6
0.9
-6
1
2
1
-1
0.6
0.9
0.75
0.925
0.8999999999999999
0.9500000000000001
0.8999999999999999
0.9500000000000001
-130
0.6
0.9
-22
-2
-1
0.6
0.9
0.6
0.9
0.75
0.925
0.8999999999999999
0.9500000000000001
153
-1
-2
-1
1
2
1
-1
1
-1
1
2
1
-1
0.6
0.9
bluffed
6
-1
1
-1
0.6
0.9
0.6
0.9
-32
2
-2
2
-2
-1
1
2
1
2
-2
0.6
0.9
0.75
0.925
2 check bluff
9
-2
-1
1
-1
1
0.6
0.9
-6
1
0.6
0.9
1 check bluff
6
1
-1
-2
-1
0.6
0.9
0.75
0.925
0.75
0.925
0.8999999999999999
0.9500000000000001
68
0.6
0.9
-26
1
2
1
0.6
0.9
0.75
0.925
-6
6
0.6
0.9
-6
1
-1
1
-1
1
-1
1
2
6
-1
1
-1
1
2
-2
2
1
-1
-2
0.6
0.9
9
0.6
0.9
0.75
0.925
0.75
0.925
-6
-1
-2
-1
-2
-1
1
-1
1
-1
-2
2
0.6
0.9
0.6
0.9
-6
-1
1
0.6
0.9
-6
1
-1
-2
-1
1
-1
1
2
1
2
0.6
0.9
6
-1
-2
-1
1
0.6
0.9
0.75
0.925
1 check bluff
56
1
-6
1
2
-2
2
-2
2
1
0.6
0.9
0.75
0.925
1 check bluff
29
-2
2
-2
-1
1
2
-2
-1
1
2
1
2
1
-1
1
2
1
0.6
0.9
-6
0.6
0.9
0.6
0.9
0.75
0.925
0.75
0.925
-18
-6
-2
2
-2
2
6
-1
1
-6
1
0.6
0.9
0.75
0.925
0.8999999999999999
0.9500000000000001
-32
-2
-6
0.6
0.9
0.75
0.925
0.75
0.925
-16
0.6
0.9
29
1
2
1
0.6
0.9
0.75
0.925
1 check bluff
46
1
0.6
0.9
-16
1
-1
1
0.6
0.9
1 check bluff
19
-2
2
-2
-1
0.6
0.9
0.75
0.925
0.75
0.925
-9
2
1
-1
1
-1
1
-1
0.6
0.9
0.75
0.925
6
0.6
0.9
0.75
0.925
2 check bluff
106
1
-1
-2
-1
-2
-1
6
2
1
2
0.6
0.9
30
2
0.6
0.9
26
0.6
0.9
-6
1
-1
-2
-1
0.6
0.9
0.75
0.925
0.8999999999999999
0.9500000000000001
133
-1
1
2
0.6
0.9
0.6
0.9
-27
-1
0.6
0.9
0.75
0.925
0.75
0.925
0.8999999999999999
0.9500000000000001
1 check bluff
67
-1
1
2
0.6
0.9
0.6
0.9
0.75
0.925
0.75
0.925
0.8999999999999999
0.9500000000000001
0.8999999999999999
0.9500000000000001
-247
-1
1
-1
1
-1
1
0.6
0.9
0.75
0.925
2 check bluff
6
-2
-1
-2
2
1
2
-2
0.6
0.9
0.75
0.925
0.8999999999999999
0.9500000000000001
30
1
-1
-2
-1
1
2
1
-1
1
-1
1
-1
1
-1
1
2
-2
-6
1
0.6
0.9
0.75
0.925
0.8999999999999999
0.9500000000000001
2 check bluff
112
1
0.6
0.9
0.75
0.925
2 check bluff
33
1
-1
1
-1
1
-1
6
2
-2
-1
-2
2
1
2
6
-6
-2
2
0.6
0.9
0.75
0.925
0.75
0.925
-62
2
1
-1
0.6
0.9
16
-1
1
-1
1
2
0.6
0.9
0.75
0.925
0.75
0.925
-40
-1
1
2
1
-1
-2
-1
6
-1
1
-1
-2
2
-2
-1
0.6
0.9
6
-1
1
-1
0.6
0.9
0.75
0.925
0.75
0.925
-6
2
1
2
-2
2
1
-1
1
-1
-2
-6
1
-1
1
2
1
0.6
0.9
0.75
0.925
2 check bluff
21
-2
2
1
-1
1
0.6
0.9
22
1
2
0.6
0.9
0.75
0.925
19
-1
1
-1
1
0.6
0.9
18
-2
2
-2
-1
-2
-1
1
2
-2
0.6
0.9
-31
-2
0.6
0.9
-6
-2
0.6
0.9
0.75
0.925
0.8999999999999999
0.9500000000000001
-70
-2
-1
6
2
0.6
0.9
0.75
0.925
0.75
0.925
-34
-6
1
-1
1
0.6
0.9
0.75
0.925
2 check bluff
6
0.6
0.9
0.75
0.925
0.75
0.925
-6
2
1
-1
1
0.6
0.9
0.75
0.925
6
1
-1
1
-1
-2
2
-2
2
1
0.6
0.9
-18
1
-1
1
-1
-2
-1
1
2
-2
-1
-2
2
1
-1
-2
0.6
0.9
0.75
0.925
6
1
0.6
0.9
6
-2
-1
1
-1
-2
2
0.6
0.9
0.75
0.925
0.75
0.925
-19
2
1
-1
-2
-1
1
-1
-2
-1
1
2
1
2
1
-1
-2
2
1
-1
-2
0.6
0.9
21
-2
-1
1
-1
0.6
0.9
0.6
0.9
0.6
0.9
0.75
0.925
0.8999999999999999
0.9500000000000001
0.8999999999999999
0.9500000000000001
-358
2
1
-1
1
2
1
-1
1
-1
1
0.6
0.9
1 check bluff
38
-2
-1
-2
2
1
2
1
-1
-2
-1
-2
2
1
2
1
2
1
-1
-2
-1
1
0.6
0.9
0.75
0.925
2 check bluff
31
-2
0.6
0.9
0.75
0.925
2 check bluff
22
1
2
0.6
0.9
0.75
0.925
0.75
0.925
-35
-1
1
-1
1
-1
1
-1
1
-1
1
-1
6
-6
1
-1
1
-1
1
-1
1
2
1
-1
-2
2
1
-1
1
-1
1
-1
1
-1
1
-1
-2
2
1
-1
-2
0.6
0.9
-16
1
-1
-2
-1
1
2
1
-1
1
-1
-2
2
1
2
1
2
1
2
1
-1
1
-1
1
-1
1
-1
1
2
1
-1
1
2
1
2
1
-1
1
-1
1
-1
1
-1
1
2
1
-1
1
2
1
-1
1
2
1
-1
1
-1
1
2
1
-1
1
-1
1
-1
1
-1
1
2
1
-1
1
-1
1
2
1
-1
1
2
1
-1
1
-1
1
-1
1
2
1
2
1
2
1
-1
1
-1
1
-1
1
-1
1
-1
1
-1
1
-1
1
2
1
-1
1
-1
1
2
1
-1
1
-1
1
-1
1
-1
1
2
1
2
1
2
1
-1
1
2
1
-1
1
2
1
2
1
2
1
-1
1
2
1
-1
1
-1
1
-1
1
-1
1
-1
1
-1
1
2
25.944
82
15
