1
1
1
1
1
1
1
1
1
1
1
1
1
1
1
1
1
1
1
1
1
1
1
1
1
1
1
1
1
1
1
1
1
1
1
1
1
1
1
1
1
1
1
1
1
1
1
1
1
1
1
1
1
1
1
1
1
1
1
1
1
1
1
1
1
1
1
1
1
1
1
1
1
1
1
1
1
1
1
1
1
1
1
1
1
1
1
1
1
1
1
1
1
1
1
1
1
1
1
1
1
1
1
1
1
1
1
1
1
1
1
1
1
1
1
1
0.8387096774193549
0.8387096774193549
0.841025641025641
0.841025641025641
0.8408163265306123
0.852
0.8351219512195123
0.8541062801932368
0.8541062801932368
0.8541062801932368
0.8541062801932368
0.8541062801932368
0.8535885167464116
0.860952380952381
0.8603773584905661
0.8603773584905661
0.8706976744186047
0.8584474885844748
0.8584474885844748
0.8727272727272727
0.8727272727272727
0.8727272727272727
0.8727272727272727
0.8727272727272727
0.8727272727272727
0.8727272727272727
0.8727272727272727
0.8727272727272727
0.8868778280542986
0.8868778280542986
0.8868778280542986
0.904035874439462
0.904035874439462
0.904035874439462
0.8761904761904762
0.8779661016949153
0.8779661016949153
0.8763485477178424
0.8763485477178424
0.8763485477178424
0.8763485477178424
0.8763485477178424
0.8763485477178424
0.8760330578512396
0.8760330578512396
0.8573705179282869
0.8625
0.8684824902723736
0.8803088803088803
0.8716417910447762
0.885925925925926
0.885925925925926
0.885925925925926
0.885925925925926
0.8852941176470589
0.8852941176470589
0.8814545454545455
0.8956521739130435
0.8956521739130435
0.8825622775800712
0.8825622775800712
0.8907801418439717
0.9017667844522969
0.9017667844522969
0.9017667844522969
0.9017667844522969
0.9017667844522969
0.9017667844522969
0.9027777777777778
0.9027777777777778
0.9027777777777778
0.9027777777777778
0.9131034482758621
0.9131034482758621
0.9319587628865978
0.9319587628865978
0.9319587628865978
0.9319587628865978
0.9283276450511946
0.9283276450511946
0.9283276450511946
0.9283276450511946
0.9283276450511946
0.9283276450511946
0.9283276450511946
0.9355932203389831
0.931986531986532
0.931986531986532
0.936
0.9324503311258279
0.9324503311258279
0.932899022801303
0.932899022801303
0.9294498381877022
0.9316129032258065
0.9193650793650794
0.9320634920634921
0.9283950617283951
0.9283950617283951
0.9167173252279636
0.9163636363636365
0.9255813953488373
0.9255813953488373
0.9341040462427747
0.9448275862068966
0.9374647887323944
0.9374647887323944
0.9377777777777778
0.9458563535911603
0.9516483516483517
0.9516483516483517
0.9516483516483517
0.9595628415300548
0.9595628415300548
0.957412398921833
0.957412398921833
0.957412398921833
0.957412398921833
0.957412398921833
0.9544235924932976
0.9621333333333334
0.9621333333333334
0.9621333333333334
0.9621333333333334
0.9515789473684211
0.9515789473684211
0.9515789473684211
0.9515789473684211
0.9515789473684211
0.9515789473684211
0.9409326424870468
0.9409326424870468
0.9533678756476683
0.9533678756476683
0.9554987212276216
0.9555555555555556
0.9527638190954775
0.9527638190954775
0.9504950495049505
0.9552825552825553
0.9552825552825553
0.9525672371638142
0.9507246376811594
0.9507246376811594
0.9507246376811594
0.9519230769230769
0.9516587677725119
0.9516587677725119
0.9439252336448598
0.9439252336448598
0.9439252336448598
0.9439252336448598
0.9439252336448598
0.9439252336448598
0.9439252336448598
0.9439252336448598
0.9432558139534885
0.9360919540229886
0.9391304347826088
0.9366742596810935
0.9366742596810935
0.9324263038548753
0.9300225733634312
0.9300225733634312
0.9276404494382022
0.9211581291759466
0.9211581291759466
0.9127753303964758
0.9192982456140352
0.9192982456140352
0.9192982456140352
0.9192982456140352
0.9192982456140352
0.9192982456140352
0.911062906724512
0.9169892473118281
0.9233404710920772
0.9215189873417722
0.9215189873417722
0.9215189873417722
0.9277310924369748
0.9152263374485597
0.9224489795918367
0.9224489795918367
0.9224489795918367
0.9195959595959596
0.9131474103585658
0.9131474103585658
0.9108910891089109
0.9088757396449705
0.9115913555992141
0.9115913555992141
0.9174168297455969
0.9171483622350675
0.9171483622350675
0.9151631477927064
0.9151631477927064
0.9114503816793894
0.9171102661596959
0.9166666666666666
0.9157894736842106
0.9157894736842106
0.9153558052434457
0.9142857142857143
0.9123844731977819
0.9069597069597071
0.9034608378870674
0.9034608378870674
0.9034608378870674
0.9054151624548736
0.9126353790613719
0.9122302158273382
0.9122302158273382
0.9122302158273382
0.9134649910233393
0.9134649910233393
0.9187835420393561
0.9136767317939609
0.9136767317939609
0.9136767317939609
0.9154929577464789
0.9154929577464789
0.9089005235602096
0.9089005235602096
0.9109185441941074
0.9107266435986159
0.9042881646655232
0.9042881646655232
0.9068493150684932
0.9068493150684932
0.9068493150684932
0.9066666666666666
0.9032258064516129
0.9113752122241088
0.9113752122241088
0.9104377104377106
0.9104377104377106
0.9104377104377106
0.9104377104377106
0.9104377104377106
0.9169747899159664
0.9129568106312292
0.9154228855721394
0.9154228855721394
0.9154228855721394
0.9154228855721394
0.9154228855721394
0.9271523178807947
0.9271523178807947
0.9271523178807947
0.9289473684210527
0.9265905383360522
0.9265905383360522
0.9265905383360522
0.9265905383360522
0.9287804878048781
0.9287804878048781
0.9255663430420712
0.9344103392568659
0.9307692307692309
0.9307692307692309
0.9354632587859425
0.9354632587859425
0.9307936507936507
0.929113924050633
0.9274447949526814
0.9274447949526814
0.9272440944881891
0.9272440944881891
0.9267080745341616
0.9267080745341616
0.9267080745341616
0.9267080745341616
0.9312693498452013
0.9288343558282209
0.9288343558282209
0.9288343558282209
0.921580547112462
0.921580547112462
0.921580547112462
0.92
0.9129129129129129
0.9129129129129129
0.9129129129129129
0.9073025335320418
0.9073025335320418
0.9073025335320418
0.9004431314623339
0.8950146627565982
0.8948755490483163
0.8948755490483163
0.8947368421052632
0.8965116279069768
0.8965116279069768
0.8965116279069768
0.8911976911976912
0.8911976911976912
0.8911976911976912
0.8911976911976912
0.8932374100719426
0.8932374100719426
0.8932374100719426
0.8932374100719426
0.8932374100719426
0.8932374100719426
0.9000000000000001
0.9000000000000001
0.9000000000000001
0.904297994269341
0.904297994269341
0.9098712446351931
0.9084745762711866
0.9084745762711866
0.9084745762711866
0.9101123595505618
0.9101123595505618
0.9186013986013987
0.9165048543689321
0.9165048543689321
0.9165048543689321
0.9165048543689321
0.9165048543689321
0.925207756232687
0.9235862068965518
0.9235862068965518
0.9235862068965518
0.9235862068965518
0.924689655172414
0.924689655172414
0.924689655172414
0.924689655172414
0.9147496617050067
0.9176788124156545
0.9259757738896366
0.9259757738896366
0.92283044058745
0.9214380825565912
0.9214380825565912
0.9214380825565912
0.916094986807388
0.916094986807388
0.9147368421052632
0.9147368421052632
0.9147368421052632
0.9147368421052632
0.9147368421052632
0.9147368421052632
0.9133858267716536
0.9159268929503916
0.915625
0.915625
0.9194805194805195
0.9194805194805195
0.9197419354838711
0.9197419354838711
0.9245817245817247
0.9245817245817247
0.9245817245817247
0.9232349165596919
0.9148665819567979
0.9186311787072244
0.9186311787072244
0.9240857503152586
0.9240857503152586
0.9244667503136764
0.9244667503136764
0.9244667503136764
0.9244667503136764
0.9185554171855542
0.9185554171855542
0.9185554171855542
0.9212422360248448
0.9212422360248448
0.9212422360248448
0.9209417596034697
0.9209417596034697
0.9173859432799013
0.9138650306748467
0.9103785103785104
0.9103785103785104
0.9140073081607797
0.9140073081607797
0.913730255164034
0.913730255164034
0.9091787439613528
0.9098795180722892
0.914560770156438
0.914560770156438
0.914560770156438
0.914560770156438
0.914560770156438
0.9133253301320529
0.9133253301320529
0.9133253301320529
0.9088305489260143
0.9088305489260143
0.9088305489260143
0.9080568720379149
0.9080568720379149
0.9080568720379149
0.9080568720379149
0.9080568720379149
0.9025882352941177
0.9061699650756695
0.9061699650756695
0.9061699650756695
0.9096399535423926
0.9084588644264194
0.9084588644264194
0.9084588644264194
0.9084588644264194
0.9084588644264194
0.9096774193548387
0.9150747986191025
0.9150747986191025
0.9172966781214205
0.9172966781214205
0.9172966781214205
0.9197714285714287
0.9231470923603193
0.9231470923603193
0.9231470923603193
0.9295324971493729
0.9349831271091115
0.9346801346801348
0.9346801346801348
0.9346801346801348
0.9346801346801348
0.9346801346801348
0.9346801346801348
0.9346801346801348
0.9346801346801348
0.9358659217877096
0.9358659217877096
0.9373467112597548
0.9373467112597548
0.9373467112597548
0.9397107897664072
0.9397107897664072
0.9397107897664072
0.9385127635960044
0.9352486187845305
0.9352486187845305
0.9353846153846155
0.9355191256830601
0.9355191256830601
0.9302931596091206
0.92987012987013
0.92987012987013
0.9265877287405814
0.9265877287405814
0.9265877287405814
0.9265877287405814
0.9265877287405814
0.9265877287405814
0.9265877287405814
0.9267665952890792
0.9236673773987207
0.9236673773987207
0.9236673773987207
0.9268085106382979
0.9217758985200846
0.9168067226890757
0.919916142557652
0.9188284518828452
0.9188284518828452
0.9188284518828452
0.9194154488517746
0.9194154488517746
0.9207075962539023
0.9192546583850931
0.9192546583850931
0.9192546583850931
0.9181818181818182
0.9212371134020618
0.917093142272262
0.9132382892057027
0.9132382892057027
0.9132382892057027
0.9132382892057027
0.9132382892057027
0.9153299492385787
0.9142857142857144
0.9142857142857144
0.9142857142857144
0.9142857142857144
0.9172901921132457
0.9172901921132457
0.915438950554995
0.9116465863453815
0.9138276553106213
0.9138276553106213
0.9091633466135459
0.9091633466135459
0.9091633466135459
0.9091633466135459
0.9091633466135459
0.9091633466135459
0.9097415506958251
0.9097415506958251
0.9097415506958251
0.9078740157480316
0.9042115572967679
0.9047898338220919
0.9047898338220919
0.9047898338220919
0.9047898338220919
0.9061463414634147
0.9060428849902534
0.9090555014605648
0.9090555014605648
0.9090555014605648
0.9085271317829458
0.9040462427745666
0.9040462427745666
0.9004793863854267
0.8986615678776291
0.8986615678776291
0.8990476190476191
0.8990476190476191
0.8990476190476191
0.8998095238095238
0.8998095238095238
0.9004757373929592
0.8961210974456008
0.8926553672316384
0.8915572232645405
0.887313432835821
0.887313432835821
0.887313432835821
0.8879776328052191
0.8860853432282004
0.887903970452447
0.887903970452447
0.887903970452447
0.887903970452447
0.887903970452447
0.8876611418047882
0.8876611418047882
0.8876611418047882
0.8894592117323558
0.8894592117323558
0.8883211678832117
0.8904284412032817
0.8925318761384335
0.8925318761384335
0.8925318761384335
0.8952727272727273
0.8952727272727273
0.8952727272727273
0.8950998185117968
0.8950998185117968
0.8986400725294651
0.8986400725294651
0.897737556561086
0.897737556561086
0.897737556561086
0.8987387387387388
0.8970350404312669
0.8970350404312669
0.8970350404312669
0.8970350404312669
0.8943699731903486
0.8943699731903486
0.8954585930543189
0.8954585930543189
0.8954585930543189
0.8972493345164153
0.8972493345164153
0.8947833775419982
0.8954063604240283
0.8953221535745809
0.8953221535745809
0.8959435626102292
0.8959435626102292
0.8962247585601405
0.8965034965034966
0.8965034965034966
0.8965034965034966
0.8965034965034966
0.8965034965034966
0.8965034965034966
0.8964192139737992
0.8908933217692975
0.8918825561312608
0.8920962199312715
0.8920962199312715
0.8897260273972604
0.8897260273972604
0.8937553464499572
0.892071611253197
0.8889643463497454
0.8900169204737732
0.8900169204737732
0.8900169204737732
0.8861952861952862
0.8861227922624055
0.8861227922624055
0.8861227922624055
0.8861227922624055
0.8860504201680673
0.8850209205020921
0.8850209205020921
0.8850209205020921
0.8850209205020921
0.8850209205020921
0.8850209205020921
0.8850209205020921
0.8850209205020921
0.880532445923461
0.8804655029093932
0.8804655029093932
0.8803986710963455
0.8803986710963455
0.8793388429752066
0.880329218106996
0.880329218106996
0.880329218106996
0.880263157894737
0.880263157894737
0.880263157894737
0.880263157894737
0.8801972062448644
0.8827586206896552
0.884003281378179
0.884003281378179
0.8836601307189543
0.8836601307189543
0.8836601307189543
0.8836601307189543
0.8836601307189543
0.8836601307189543
0.8836601307189543
0.8836601307189543
0.8836601307189543
0.8836601307189543
0.8836601307189543
0.8836601307189543
0.8836601307189543
0.8836601307189543
0.8836601307189543
0.8836601307189543
0.8836601307189543
0.8836601307189543
0.8836601307189543
0.8836601307189543
0.8836601307189543
0.8836601307189543
0.8836601307189543
0.8836601307189543
0.8836601307189543
0.8836601307189543
0.8836601307189543
0.8836601307189543
0.8836601307189543
0.8836601307189543
0.8836601307189543
0.8836601307189543
0.8836601307189543
0.8836601307189543
0.8836601307189543
0.8836601307189543
0.8836601307189543
0.8836601307189543
0.8836601307189543
0.8836601307189543
0.8836601307189543
0.8836601307189543
0.8836601307189543
0.8836601307189543
0.8836601307189543
0.8836601307189543
0.8836601307189543
0.8836601307189543
0.8836601307189543
0.8836601307189543
0.8836601307189543
0.8836601307189543
0.8836601307189543
0.8836601307189543
0.8836601307189543
0.8836601307189543
0.8836601307189543
0.8836601307189543
0.8836601307189543
0.8836601307189543
0.8836601307189543
0.8836601307189543
0.8836601307189543
0.8836601307189543
0.8836601307189543
0.8836601307189543
0.8836601307189543
0.8836601307189543
0.8836601307189543
0.8836601307189543
0.8836601307189543
0.8836601307189543
0.8836601307189543
0.8836601307189543
0.8836601307189543
0.8836601307189543
0.8836601307189543
0.8836601307189543
0.8836601307189543
0.8836601307189543
0.8836601307189543
0.8836601307189543
0.8836601307189543
0.8836601307189543
0.8836601307189543
0.8836601307189543
0.8836601307189543
0.8836601307189543
0.8836601307189543
0.8836601307189543
0.8836601307189543
0.8836601307189543
0.8836601307189543
0.8836601307189543
0.8836601307189543
0.8836601307189543
0.8836601307189543
0.8836601307189543
0.8836601307189543
0.8836601307189543
0.8836601307189543
0.8836601307189543
0.8836601307189543
0.8836601307189543
0.8836601307189543
0.8836601307189543
0.8836601307189543
0.8836601307189543
0.8836601307189543
0.8836601307189543
0.8836601307189543
0.8836601307189543
0.8836601307189543
0.8836601307189543
0.8836601307189543
0.8836601307189543
0.8836601307189543
0.8836601307189543
0.8836601307189543
0.8836601307189543
0.8836601307189543
0.8836601307189543
0.8836601307189543
0.8836601307189543
0.8836601307189543
0.8836601307189543
0.8836601307189543
0.8836601307189543
0.8836601307189543
0.8836601307189543
0.8836601307189543
0.8836601307189543
0.8836601307189543
0.8836601307189543
0.8836601307189543
0.8836601307189543
0.8836601307189543
0.8836601307189543
0.8836601307189543
0.8836601307189543
0.8836601307189543
0.8836601307189543
0.8836601307189543
0.8836601307189543
0.8836601307189543
0.8836601307189543
0.8836601307189543
0.8836601307189543
0.8836601307189543
0.8836601307189543
0.8836601307189543
0.8836601307189543
0.8836601307189543
0.8836601307189543
0.8836601307189543
0.8836601307189543
0.8836601307189543
0.8836601307189543
0.8836601307189543
0.8836601307189543
0.8836601307189543
0.8836601307189543
0.8836601307189543
0.8836601307189543
0.8836601307189543
0.8836601307189543
0.8836601307189543
0.8836601307189543
0.8836601307189543
0.8836601307189543
0.8836601307189543
0.8836601307189543
0.8836601307189543
0.8836601307189543
0.8836601307189543
0.8836601307189543
0.8836601307189543
0.8836601307189543
0.8836601307189543
0.8836601307189543
0.8836601307189543
0.8836601307189543
0.8836601307189543
0.8836601307189543
0.8836601307189543
0.8836601307189543
0.8836601307189543
0.8836601307189543
0.8836601307189543
0.8836601307189543
0.8836601307189543
0.8836601307189543
0.8836601307189543
0.8836601307189543
0.8836601307189543
0.8836601307189543
0.8836601307189543
0.8836601307189543
0.8836601307189543
0.8836601307189543
0.8836601307189543
0.8836601307189543
0.8836601307189543
0.8836601307189543
0.8836601307189543
0.8836601307189543
0.8836601307189543
0.8836601307189543
0.8836601307189543
0.8836601307189543
0.8836601307189543
0.8836601307189543
0.8836601307189543
0.8836601307189543
0.8836601307189543
0.8836601307189543
0.8836601307189543
0.8836601307189543
0.8836601307189543
0.8836601307189543
0.8836601307189543
0.8836601307189543
0.8836601307189543
0.8836601307189543
0.8836601307189543
0.8836601307189543
0.8836601307189543
0.8836601307189543
0.8836601307189543
0.8836601307189543
0.8836601307189543
0.8836601307189543
0.8836601307189543
0.8836601307189543
0.8836601307189543
0.8836601307189543
0.8836601307189543
0.8836601307189543
0.8836601307189543
0.8836601307189543
0.8836601307189543
0.8836601307189543
0.8836601307189543
0.8836601307189543
0.8836601307189543
0.8836601307189543
0.8836601307189543
0.8836601307189543
0.8836601307189543
0.8836601307189543
0.8836601307189543
0.8836601307189543
0.8836601307189543
0.8836601307189543
0.8836601307189543
0.8836601307189543
0.8836601307189543
0.8836601307189543
21.789
