1
1
1
1
2.3479422583259133
2.4738920617079554
2.327757596551887
2.2644491362313754
1
1
1
1
2.362013363089972
2.378904448062018
2.3413885039032576
2.3795100524901382
1
1
1
1
2.431490903842402
2.2631578412527213
2.385634704835088
2.3626086933091344
1
1
1
1
2.419600613979773
2.4307209829254957
2.423208157507378
2.3545126497746858
1
1
1
1
2.3548169426339767
2.312374971363016
2.294877062282728
2.265634496762527
1
1
1
1
0
0
0
0
1
1
1
1
2.32193532784468
2.3667984446187633
2.3091994618737774
2.488035124921328
1
1
1
1
0
0
0
0
1
1
1
1
2.274346184797556
2.4946275576807095
2.2577763051760136
2.370979426882697
1
1
1
1
2.4899888847794207
2.322444912544147
2.2874057104877297
2.289204756269362
1
1
1
1
0
0
0
0
1
1
1
1
2.3118966511227597
2.280951576187822
2.308014790257077
2.2513115203496556
1
1
1
1
2.45001083659807
2.4004948887826942
2.4936526564842545
2.2798788582836322
1
1
1
1
2.472330014734484
2.4022329820209296
2.4258158275245445
2.326564651932808
1
1
1
1
0
0
0
0
1
1
1
1
2.2743023056521743
2.2750073121163075
2.3081071760097736
2.432072843812751
1
1
1
1
2.374473340275969
2.2662103071384263
2.476611579533505
2.393458312046551
1
1
1
1
2.4289432061985115
2.478003183664821
2.367098621033243
2.4846510731736786
1
1
1
1
2.44019875087578
2.4825274869951857
2.3840632215302735
2.3861578325591446
1
1
1
1
2.2791226124733823
2.330407695034983
2.2553180128115233
2.4613087085960887
1
1
1
1
2.3265795757653467
2.3279301741235656
2.335127458959386
2.3843868114250375
1
1
1
1
2.3614533106524
2.2578150976206715
2.280377538018283
2.3147920761227896
1
1
1
1
2.2580597724383806
2.4709321036245395
2.494339577460679
2.256437641201083
1
1
1
1
2.3828563308742274
2.4196756380049007
2.350131542453862
2.449815366540555
1
1
1
1
2.4455750161759866
2.2616590650959756
2.423934312690201
2.3252575555464365
1
1
1
1
2.403259173380081
2.393582768167895
2.4714592400456477
2.431335470630711
1
1
1
1
2.271811430266726
2.392548610402367
2.377814756096235
2.2616700902470765
1
1
1
1
0
0
0
0
1
1
1
1
2.439216372354307
2.3749112490497164
2.4255076788305296
2.3869544327846635
1
1
1
1
0
0
0
0
1
1
1
1
2.4769261977466783
2.424122368371671
2.3591404652019525
2.466347769047204
1
1
1
1
2.4152094412073994
2.492271858821717
2.436463517355705
2.4987682167913503
1
1
1
1
2.2619802595828276
2.3038909401764607
2.2819402303204224
2.387799868902278
1
1
1
1
2.3512601231353143
2.337481346118838
2.4701840825978154
2.345756595896369
1
1
1
1
2.2877256615099797
2.3518765956008183
2.3997495669505047
2.2790227823911504
1
1
1
1
0
0
0
0
1
1
1
1
2.4954175302544357
2.280180587229666
2.380610471485107
2.336579105768721
1
1
1
1
2.278176130135481
2.394899282707328
2.4243346331026143
2.272952657366755
1
1
1
1
2.4940370501578193
2.397526298921236
2.2626422843810814
2.4482175978298035
1
1
1
1
0
0
0
0
1
1
1
1
0
0
0
0
1
1
1
1
0
0
0
0
1
1
1
1
0
0
0
0
1
1
1
1
2.439933289919964
2.2552129709182216
2.3997419212032494
2.4844853577309705
1
1
1
1
2.4959511018502853
2.2717737934450244
2.4384760175511064
2.4952133753883934
1
1
1
1
2.349407347839914
2.496216849045176
2.393210619836565
2.4395354506608395
1
1
1
1
2.3004185928374246
2.46306187510105
2.4976336410826145
2.3530418915308093
1
1
1
1
2.483950617127275
2.429799818756069
2.4323035692052515
2.255706071886481
1
1
1
1
0
0
0
0
1
1
1
1
2.4322446714000137
2.3264540949554475
2.3404748514616203
2.482855095122163
1
1
1
1
2.261667959485464
2.3049342594865876
2.452140307442256
2.284930362539458
1
1
1
1
2.275325443426426
2.282647701466911
2.2926642634172354
2.357463823955907
1
1
1
1
2.3793280230444913
2.376029459318753
2.3948026805937004
2.38594334457916
1
1
1
1
2.480824495262239
2.2842475834816067
2.3317296885044336
2.4884866761558215
1
1
1
1
2.310147370069334
2.37347097862015
2.436774825479731
2.3485922002045005
1
1
1
1
2.3706015872323016
2.3178441872286846
2.2963191306792776
2.452823862652934
1
1
1
1
2.4163530889625617
2.487330788803991
2.4385073273707225
2.4008959164006707
1
1
1
1
2.3987832363809733
2.4402700711869287
2.2922220932756874
2.46410262591807
1
1
1
1
2.430688906419306
2.360463337060542
2.3791560437879005
2.4773822627124464
1
1
1
1
2.35761750658745
2.474724109800143
2.321861894959457
2.3483424167089693
1
1
1
1
2.3527285410210146
2.4950456480817684
2.3381573454258473
2.486805154419251
1
1
1
1
0
0
0
0
1
1
1
1
2.428376583654057
2.4530215844206746
2.436383729647972
2.2936354154267478
1
1
1
1
0
0
0
0
1
1
1
1
2.4209555893113732
2.3365770233281875
2.2964173882858847
2.455218387538548
1
1
1
1
2.380062382992273
2.436740351476024
2.4522938512317536
2.28234075701348
1
1
1
1
2.397524189424118
2.299189654447941
2.3965058619417907
2.4340423912250633
1
1
1
1
2.2743230255216473
2.4311331427185627
2.4451545334721434
2.2998170891712633
1
1
1
1
2.2682904053011193
2.339085055555146
2.451336872399467
2.4939477039945457
1
1
1
1
0
0
0
0
1
1
1
1
2.2894593554108087
2.3683415522487
2.4542296498997582
2.4235578973719685
1
1
1
1
0
0
0
0
1
1
1
1
0
0
0
0
1
1
1
1
0
0
0
0
1
1
1
1
2.338987955302181
2.4567091926952322
2.4121012220622657
2.4720623321443833
1
1
1
1
2.3782885771267774
2.3591137317914046
2.2859860226228266
2.4729006671120066
1
1
1
1
2.346372890628488
2.4156914085568477
2.3476554467189543
2.3170021488931796
1
1
1
1
2.2975058870441245
2.476439269735353
2.480238836124803
2.3817087807234945
1
1
1
1
2.4457545100248135
2.300608625208561
2.2602585734588105
2.3211960864619234
1
1
1
1
2.4550242836518317
2.454807976121039
2.355474304763695
2.424114963777693
1
1
1
1
2.3243626136783084
2.492211835941116
2.34542693762372
2.4328611011199364
1
1
1
1
2.461810929001886
2.424669414708077
2.38708172292833
2.4343405854722375
1
1
1
1
2.4819819835732324
2.4114325509410683
2.3579022398019966
2.4990626798720745
1
1
1
1
2.4811998679721814
2.415351113493244
2.451176083967944
2.436847206094707
1
1
1
1
2.3203678620730948
2.4560317975423978
2.442202814339864
2.492494500022567
1
1
1
1
2.422750897267951
2.2620993092560417
2.255494497506663
2.2616524711348043
1
1
1
1
2.47263096207632
2.341561303203889
2.305596281197057
2.3364520120302603
1
1
1
1
0
0
0
0
1
1
1
1
2.305776604430275
2.2811747071096313
2.4582828763858617
2.34353470395418
1
1
1
1
2.393599322290561
2.2626070753858447
2.2515762498563494
2.396546964990998
1
1
1
1
2.3417550458233007
2.478637961105952
2.4272003688015116
2.3481682205851624
1
1
1
1
2.495959050072271
2.3362122357246324
2.468482353143968
2.3417082640184543
1
1
1
1
2.3088136721844186
2.3033950515600794
2.411539032978996
2.451996355521544
1
1
1
1
0
0
0
0
1
1
1
1
2.4014058384812103
2.410665959791914
2.3351959723526576
2.278017459104622
1
1
1
1
2.412817499015393
2.416285205014177
2.443365486324961
2.2699194205057704
1
1
1
1
2.3213726417965015
2.453694210970813
2.252686672969728
2.2871917082897895
1
1
1
1
0
0
0
0
1
1
1
1
2.3679451138927314
2.2555509509335647
2.351103656922168
2.474561586078422
1
1
1
1
2.321098839212922
2.333366844800156
2.4980785475051968
2.4817256235178013
1
1
1
1
2.3453406965411303
2.3389429765018024
2.4592627110952043
2.359616649116363
1
1
1
1
2.4921286010954775
2.480499096031212
2.2693102766249273
2.452418135561651
1
1
1
1
2.418104217472252
2.355517756535799
2.331610265875298
2.449131420263618
1
1
1
1
2.3682695224054546
2.481748123670901
2.2689000336682
2.3553262474208303
1
1
1
1
0
0
0
0
1
1
1
1
2.398917480921916
2.315491642039641
2.4566804495124464
2.280529332275098
1
1
1
1
2.297950024580647
2.3682854107180638
2.3659058217484215
2.4022444482955803
1
1
1
1
2.3572328355342878
2.325828078746277
2.411179528250632
2.340490149001141
1
1
1
1
2.4945459091127073
2.2606196946440926
2.378293342560819
2.489128661999978
1
1
1
1
2.3144077748040055
2.256980809485633
2.4868256619532842
2.473696216997369
1
1
1
1
0
0
0
0
1
1
1
1
2.470326548171761
2.3736779433835866
2.347049623509776
2.3054358060097324
1
1
1
1
2.373750553469144
2.466377210696477
2.329531189340603
2.442653687466226
1
1
1
1
2.375748109147499
2.446709499290714
2.413469091489834
2.4341908635221134
1
1
1
1
2.46157515823351
2.404417792649893
2.27405269569815
2.253511141640673
1
1
1
1
2.290877054597569
2.3597870453999423
2.3415551944117663
2.315661741118715
1
1
1
1
2.2657624167015706
2.2716181351297102
2.3127353697908823
2.4560194093769634
1
1
1
1
2.29463563615841
2.4931550928962567
2.33757890330802
2.335771124700017
1
1
1
1
2.467170177471896
2.4854629021539725
2.3296735649893408
2.260191288304255
1
1
1
1
0
0
0
0
1
1
1
1
2.472787573850445
2.367486706481867
2.3603288172756387
2.4926300683837006
1
1
1
1
0
0
0
0
1
1
1
1
2.285242521581371
2.2657769964627925
2.3841438047639425
2.402880397931057
1
1
1
1
2.2966620626867855
2.2741832274593334
2.360278779586109
2.2960892990568476
1
1
1
1
2.3465330660187176
2.43197666302217
2.3041309505292387
2.4352322126162287
1
1
1
1
2.3776646602836458
2.3644557167517526
2.413994308742949
2.352280355717792
1
1
1
1
2.4535188789245623
2.28246138257404
2.346848529540571
2.3432614728768333
1
1
1
1
2.3350658198527263
2.4220178218376236
2.2801963581110596
2.4538282597617522
1
1
1
1
2.3271732199687314
2.264267130281525
2.3767654810956076
2.3362544707880004
1
1
1
1
2.4854109177250177
2.366522746542959
2.261772187859694
2.2743938469348723
1
1
1
1
2.3092852505317065
2.3946948429009582
2.3545137936157112
2.2615301425013583
1
1
1
1
2.447467763410864
2.460099230705148
2.4046597785181807
2.3689394155865244
1
1
1
1
2.491636661814894
2.3114269909325196
2.468573737674541
2.3460742714920317
1
1
1
1
2.372125371710059
2.315388828119902
2.4593893467926455
2.4037144869108444
1
1
1
1
2.261705092890207
2.4441298317515496
2.4528790217744008
2.440760905973197
1
1
1
1
2.427507215932928
2.483168184948945
2.395823594817262
2.446339121891643
1
1
1
1
0
0
0
0
1
1
1
1
2.3820506515002364
2.4473510368076488
2.487238453820872
2.411006204721079
1
1
1
1
2.2677949717607095
2.3527025324850666
2.392309252455984
2.3261033039450565
1
1
1
1
2.2956156598157706
2.408686122991306
2.4220449477187214
2.4853657495329684
1
1
1
1
2.468922707781523
2.4135406161646213
2.2836582260191753
2.4879553133655192
1
1
1
1
2.3673903864399715
2.325506291184594
2.379040115948283
2.2609197852001377
1
1
1
1
2.464440603075115
2.3054395358414466
2.2780413262258823
2.417717631040896
1
1
1
1
2.3005797396114915
2.3398645560903457
2.3700337647308665
2.3081063145287533
1
1
1
1
0
0
0
0
1
1
1
1
2.4968988549588764
2.4324609990772386
2.4098410362189577
2.3003515905803673
1
1
1
1
0
0
0
0
1
1
1
1
2.310058918147216
2.334030366097403
2.4935700026915613
2.3426354205750983
1
1
1
1
2.3261090779754396
2.4080548030707036
2.400991309332695
2.448835423393618
1
1
1
1
2.452117535601693
2.275244642308203
2.4325883925124723
2.382609870434619
1
1
1
1
2.385644913228927
2.275426035527848
2.3814415007710625
2.3686992420361555
1
1
1
1
2.254707455482232
2.406116552988978
2.3764901337140403
2.2949377020338977
1
1
1
1
2.321976279615535
2.4577894382523695
2.36578432705417
2.2814700072062877
1
1
1
1
2.4194099674409357
2.3782158188464084
2.355391253564902
2.4498922418188966
1
1
1
1
2.3115149769960146
2.4188751721301665
2.4138763936322256
2.4037444913220027
1
1
1
1
2.3626498110640988
2.493343159430604
2.451172810589217
2.283492789542182
1
1
1
1
2.4330527795617765
2.294454145323357
2.3738128974310913
2.2630984864578725
1
1
1
1
0
0
0
0
1
1
1
1
2.347320574948614
2.3438220523931856
2.497890358359627
2.4136152665534536
1
1
1
1
2.342125652991884
2.478359684070247
2.373746081003173
2.2821538890420365
1
1
1
1
2.3163918570677895
2.3856921473730854
2.3276177333272456
2.4608965540101035
1
1
1
1
2.2540545325472836
2.462800664316363
2.4452766192758126
2.3648115144508046
1
1
1
1
2.4216229193187275
2.380729996260937
2.2870192802544675
2.2898570341037194
1
1
1
1
2.3685323665244877
2.371437985640025
2.3239053068819575
2.3955463494093676
1
1
1
1
2.482093517259341
2.2899374284669527
2.457049178845749
2.495698245223094
1
1
1
1
2.459032678610727
2.4433592410120064
2.317218049544996
2.490079765226052
1
1
1
1
2.295850280614331
2.442411188172453
2.4158715254384946
2.4576459099402848
1
1
1
1
0
0
0
0
1
1
1
1
0
0
0
0
1
1
1
1
2.4038972010316555
2.335651488861932
2.3571708632425863
2.3264561384951477
1
1
1
1
0
0
0
0
1
1
1
1
2.338579652144035
2.2989026600937925
2.482405580645373
2.46162696594873
1
1
1
1
2.35222756040437
2.3529331317571542
2.2770424742564384
2.3894270475733936
1
1
1
1
2.391670577843535
2.364537510640047
2.271842281312908
2.3331317374430807
1
1
1
1
2.4903226503857367
2.274189522709985
2.381799397925917
2.3358659357120786
1
1
1
1
2.378342264373666
2.366543579884903
2.2901426902050908
2.488953552446829
1
1
1
1
2.4389805687945407
2.265643056877348
2.302448774306549
2.315463273510101
1
1
1
1
2.2576577219392817
2.2897760206535214
2.3203110679975527
2.2753095078337497
1
1
1
1
2.454104050888494
2.443957330560915
2.392263481122622
2.37950992600791
1
1
1
1
0
0
0
0
1
1
1
1
2.476059635384556
2.324604340969774
2.281543643625607
2.345778321211699
1
1
1
1
2.4181885601047317
2.415803366610048
2.427761781348058
2.264495977348543
1
1
1
1
2.4197924840195677
2.3439442235895727
2.4654367432680084
2.3804074827152584
1
1
1
1
2.4810029516145464
2.2606249515723773
2.4206096412352327
2.3965999244778176
1
1
1
1
2.335724038244237
2.4523857328303715
2.263907868616746
2.2590587326936364
1
1
1
1
2.400485921090471
2.314807213298481
2.288817739019676
2.295744047090479
1
1
1
1
2.4379041431544093
2.2699193131574074
2.4799823471025952
2.374394595339234
1
1
1
1
2.2740896543997753
2.2696262595646064
2.3069176446936948
2.4418444677897706
1
1
1
1
2.3618500480662252
2.3314159533855157
2.396775761145807
2.4517192157429686
1
1
1
1
2.4397559374036177
2.4574871081610428
2.2663757869323393
2.3161133875605375
1
1
1
1
2.3986753204630333
2.496755576604273
2.49598289290179
2.264709487745037
1
1
1
1
2.3276198294131847
2.3654974896834107
2.4542953276581985
2.2895603949845973
1
1
1
1
2.2938124433884903
2.2616082703813802
2.4379459951575067
2.285608540546497
1
1
1
1
2.2634247434694634
2.292900956821884
2.4968922814452967
2.4901990992552996
1
1
1
1
2.3343508446617007
2.337886698590706
2.3822690225606045
2.4539945999837443
1
1
1
1
2.34377754651856
2.3461315703703356
2.429910347646147
2.391933453557718
1
1
1
1
2.4362064735482107
2.258919243621821
2.323236203914722
2.2620323895611434
1
1
1
1
2.499313455241908
2.3795599161265115
2.409050370656429
2.3108661942117155
1
1
1
1
2.332913598442808
2.4947190455522428
2.4882467396090853
2.3967754920051423
1
1
1
1
2.312666593070234
2.380691637536612
2.440947288897579
2.2560226023813024
1
1
1
1
2.483885407747583
2.4356230936907166
2.3607026664988187
2.2926774885565018
1
1
1
1
2.3119417870957606
2.399411138414164
2.2868957320821166
2.380074343659333
1
1
1
1
2.375509717952696
2.46230771247716
2.429258698818621
2.456899836957087
1
1
1
1
2.371827688836767
2.410066501090347
2.2825088213796327
2.4013988827547688
1
1
1
1
2.2555898164016686
2.383722257323537
2.408452115873248
2.4182271962563884
1
1
1
1
0
0
0
0
1
1
1
1
2.4846564902176995
2.3442333791574423
2.4811146039045138
2.3438884887085987
1
1
1
1
2.4501892188997756
2.2739884464512388
2.3441847118081314
2.342604266122029
1
1
1
1
2.4015099924020507
2.47855749837363
2.33425751482317
2.254642574087422
1
1
1
1
2.317314177915019
2.4501903326445444
2.3178360812007623
2.3017283334400207
1
1
1
1
2.399562497092194
2.4227699980856685
2.461345547286821
2.425578870155039
1
1
1
1
2.370084670215041
2.3982333072636144
2.392983024055427
2.4219243011846863
1
1
1
1
0
0
0
0
1
1
1
1
2.379515104081971
2.433536228091486
2.4665601260502017
2.317990568455701
1
1
1
1
2.3319190971436163
2.4089135385925338
2.4637319865937757
2.463437475136274
1
1
1
1
2.3095433255169793
2.2766792453401465
2.2683734206858577
2.31375742773364
1
1
1
1
2.4097138679249235
2.3466460644732603
2.3242430772335547
2.265992824263742
1
1
1
1
2.318499361699602
2.34724307496854
2.4864384654059
2.47836007694482
1
1
1
1
2.2978111424060663
2.256906971637643
2.472339434358939
2.472093390270963
1
1
1
1
2.4106332945498874
2.3779108503736883
2.2662679219751807
2.2742405904140144
1
1
1
1
2.339254909658394
2.484985446068821
2.3278175546783113
2.4839872561612806
1
1
1
1
2.4037281758584177
2.4552987482610806
2.326461315976409
2.457082953341608
1
1
1
1
2.3258590944848123
2.346611387535315
2.482369327233953
2.316193876707504
1
1
1
1
0
0
0
0
1
1
1
1
2.470092090940259
2.281915892478445
2.428396475328915
2.251744898297806
1
1
1
1
0
0
0
0
1
1
1
1
2.3150005269305134
2.3804013336733454
2.4798382949320965
2.4305468400081782
1
1
1
1
2.3971952828716696
2.2926256094064104
2.4043039585939336
2.3212202387252834
1
1
1
1
2.4337709425734877
2.45016972393363
2.2557145516865584
2.3876980060125086
1
1
1
1
2.4107780809166774
2.290332978369408
2.4532950161977185
2.4130543092962973
1
1
1
1
2.4474560478641605
2.269292040934284
2.318542756058873
2.299521499696573
1
1
1
1
0
0
0
0
1
1
1
1
2.497801690098414
2.478195001902406
2.399753496387957
2.2910797204121254
1
1
1
1
0
0
0
0
1
1
1
1
2.4777296461913205
2.4960046129124547
2.353859904681139
2.438075468032594
1
1
1
1
2.270050166151968
2.470484504420142
2.342240320095375
2.4924327683635568
1
1
1
1
2.363482593371848
2.256116170996912
2.440961232118843
2.460792606525989
1
1
1
1
2.3802932054722645
2.315702879931296
2.3770142610477643
2.4148390323279583
1
1
1
1
2.4648157858329625
2.256850646141855
2.2774917733028723
2.3422699223484913
1
1
1
1
2.4887223743700853
2.4498704885467295
2.2951152796821708
2.27890899802684
1
1
1
1
2.4011780148135444
2.2792015672187973
2.256846857935079
2.256296726405601
1
1
1
1
2.412714819111363
2.2987408466750052
2.3909082160539468
2.275745586904691
1
1
1
1
0
0
0
0
1
1
1
1
2.4044927486341368
2.351952192594143
2.4962763948845472
2.4717112918848856
1
1
1
1
0
0
0
0
1
1
1
1
2.4213443741733944
2.2923261621005975
2.3845383007459056
2.418319725732645
1
1
1
1
0
0
0
0
1
1
1
1
2.4929304124065026
2.46547697452087
2.3856260631702884
2.4984194941117868
1
1
1
1
2.252526820675047
2.405411658189773
2.463704633193394
2.367876201284774
1
1
1
1
2.2952750813656833
2.426663768365872
2.3788923526714743
2.293881559439467
1
1
1
1
2.2615004421165747
2.4843004624421914
2.465115576074886
2.4916883765454476
1
1
1
1
2.4251697754006196
2.3131915697806473
2.4636431185369245
2.3883007647459835
1
1
1
1
2.407588844232467
2.444907597412615
2.2755759873973496
2.2645231844965696
1
1
1
1
2.273158900789951
2.3681864094910687
2.4548198878229655
2.418562227088333
1
1
1
1
0
0
0
0
1
1
1
1
2.4923487880820487
2.4507963103583146
2.4208999226183168
2.371951571850175
1
1
1
1
2.4125722586063314
2.2935447370036823
2.2688211984162057
2.4549480274441526
1
1
1
1
2.3230758881933435
2.4801814450796438
2.3852098027234803
2.486870432461399
1
1
1
1
2.4323837529860817
2.450123217357379
2.308967146775451
2.469762955089942
1
1
1
1
2.3465469291308856
2.2798479971038126
2.421273319070503
2.4825385420597854
1
1
1
1
0
0
0
0
1
1
1
1
2.3101841145766957
2.26507408764449
2.254730361766165
2.48473352931826
1
1
1
1
2.2955239875449984
2.4250894874499713
2.396046920508676
2.2840167155065694
1
1
1
1
2.489835040129552
2.3445465008321835
2.4122678474655475
2.3684599366121684
1
1
1
1
0
0
0
0
1
1
1
1
0
0
0
0
1
1
1
1
2.4520256800496396
2.2698024289491334
2.306696123866889
2.345790006456035
1
1
1
1
2.460478187702125
2.2747764726809963
2.4361165803739273
2.4790254181551146
1
1
1
1
2.3701786622668743
2.419989734737525
2.411292053210315
2.300340791879049
1
1
1
1
2.271045669627855
2.3120818781099
2.4067172451145873
2.279311385587891
1
1
1
1
2.401903583032288
2.2927527513795893
2.287812794142498
2.389203860312858
1
1
1
1
0
0
0
0
1
1
1
1
2.3718356385068686
2.4631261268431404
2.266484731512609
2.3037890018179037
1
1
1
1
2.4132253839194195
2.3586678902106115
2.4988292441518993
2.372606175121577
1
1
1
1
2.3226435205357316
2.3905624793424978
2.428421210573163
2.347515863801065
1
1
1
1
2.2967314105615384
2.366827749775239
2.2539551812736733
2.3598117821727578
1
1
1
1
2.297314521244269
2.353031156112241
2.4040202611177985
2.352627600248044
1
1
1
1
0
0
0
0
1
1
1
1
2.409741652583953
2.281816879091016
2.4110371001150686
2.299192026196477
1
1
1
1
2.2526751462866588
2.412592547487778
2.281904543961498
2.4471627245548775
1
1
1
1
2.2945335156238147
2.343970159871661
2.382736977910163
2.4742508046560885
1
1
1
1
2.314991910556085
2.316773436201503
2.445686174736473
2.4478367367592044
1
1
1
1
0
0
0
0
1
1
1
1
2.301118770038842
2.3982902918728555
2.3722916901847504
2.473567360592823
1
1
1
1
2.409719629421491
2.319892389404557
2.4012359090415956
2.275080654449672
1
1
1
1
2.3375142285063393
2.2969641672671677
2.4443039302890983
2.34926482766815
1
1
1
1
0
0
0
0
1
1
1
1
2.4103788277263964
2.499475838347129
2.4415892504031955
2.431270873859633
1
1
1
1
2.268469070657817
2.389443685522864
2.3312082064519073
2.3623092063667706
1
1
1
1
2.448275169572088
2.2590637139168597
2.326137104179787
2.490551863185013
1
1
1
1
0
0
0
0
1
1
1
1
0
0
0
0
1
1
1
1
2.4371697903453153
2.2736105166315967
2.383600602757706
2.487807899444361
1
1
1
1
2.4195414421120796
2.476803409635443
2.49976099065009
2.471378392768679
1
1
1
1
2.31528718840721
2.4359272149533315
2.3912475554949886
2.4830694690179786
1
1
1
1
2.4768125677888735
2.338555881235282
2.4707140892649493
2.320608027307811
1
1
1
1
2.426488761127008
2.399002741166767
2.496038199730378
2.4079078555312394
1
1
1
1
2.447317214589467
2.4870201871963733
2.296700813191921
2.3842218865743114
1
1
1
1
0
0
0
0
1
1
1
1
2.4026271030057456
2.375878696942384
2.4175434589406093
2.4905186735401323
1
1
1
1
2.31192343485216
2.282758965639249
2.4114690808153902
2.4664567795728547
1
1
1
1
2.4596224905726483
2.396930678798536
2.4354777102248004
2.4593660583271424
1
1
1
1
2.4054328128338804
2.410897372053317
2.260964332563615
2.3383705656706852
1
1
1
1
0
0
0
0
1
1
1
1
2.25969610550197
2.4266518975289237
2.260719544219841
2.430352934765792
1
1
1
1
2.303582858593753
2.3427021996863897
2.2537245514195683
2.4864104181664057
1
1
1
1
0
0
0
0
1
1
1
1
2.403983421416262
2.3394472179962227
2.318038430846679
2.365150571887855
1
1
1
1
2.4659568474739353
2.2754474021955238
2.4026530535236788
2.497618874405442
1
1
1
1
2.359845895764916
2.308643228615588
2.4942333360139037
2.3126883733253014
1
1
1
1
2.492426965337315
2.358501289831051
2.290226250269665
2.362448394078832
1
1
1
1
2.4768029098214446
2.318672181738471
2.4053323683596095
2.309937784056663
1
1
1
1
2.4189772372027236
2.2722944548408375
2.412250352959924
2.327285277027192
1
1
1
1
0
0
0
0
1
1
1
1
2.4354181790758536
2.271253730504231
2.287543473771809
2.3843968628354055
1
1
1
1
2.316034922864497
2.458668875025042
2.373267383041279
2.389022610986048
1
1
1
1
2.302852146150337
2.3085226675337758
2.293653576557803
2.31373150220312
1
1
1
1
2.366789318027984
2.274331993914838
2.3315194096527936
2.340282354265646
1
1
1
1
2.3154521944828073
2.470682360191425
2.396078369059156
2.306610531777037
1
1
1
1
2.464430751565121
2.4760543602393272
2.450172339122174
2.352935943339717
1
1
1
1
2.341421387886344
2.402525914328617
2.3320079323780485
2.47750224537266
1
1
1
1
2.4092182380482794
2.354054677865269
2.4234838049536305
2.3209600218161146
1
1
1
1
2.3760991838311325
2.258053792703837
2.4216653540584567
2.3638743913488858
1
1
1
1
0
0
0
0
1
1
1
1
2.4149660993793916
2.382070990312497
2.3365841074214533
2.4188511417913032
1
1
1
1
2.4557704669778637
2.2708761032940594
2.2830597465836133
2.4800994533951517
1
1
1
1
2.3294905649199427
2.471144861242541
2.3176309888844737
2.4488768521386177
1
1
1
1
2.4352595136540645
2.4720507442136896
2.319663572798021
2.2604457601670886
1
1
1
1
2.288916934518804
2.438981838547422
2.352908034375928
2.350667264812194
1
1
1
1
0
0
0
0
1
1
1
1
2.279588134802804
2.2920552838431885
2.3392111072399295
2.250669514268926
1
1
1
1
2.362759569338829
2.4728335184787666
2.394765753893084
2.3536836044304517
1
1
1
1
0
0
0
0
1
1
1
1
2.4450985358984267
2.430845087681631
2.443598417042197
2.4290344303850886
1
1
1
1
2.4104738045578094
2.368171924330181
2.423187036845447
2.497879065401251
1
1
1
1
2.4366575491907354
2.312647505979122
2.2678281181092146
2.2742049343592714
1
1
1
1
2.298950919342889
2.4514549534821364
2.2975842658336703
2.3370707872551804
1
1
1
1
2.3400201751321115
2.4855192530690076
2.3463639434108177
2.393680574958675
1
1
1
1
2.378584587159875
2.3208975044273985
2.4297939789258325
2.430474505432909
1
1
1
1
2.2615807438557405
2.417352118876083
2.412571865466284
2.4547984429138827
1
1
1
1
0
0
0
0
1
1
1
1
0
0
0
0
1
1
1
1
2.3121154516429936
2.445047292912525
2.435033166273577
2.3412717836496233
1
1
1
1
2.4233700355816765
2.360578887347059
2.3136062880101305
2.290884492816534
1
1
1
1
2.475139472189107
2.450719426880123
2.4031391139633884
2.348168644164755
1
1
1
1
2.2883950863057017
2.3155305860093724
2.387323402317431
2.358714676844772
1
1
1
1
2.3640004259697136
2.4654854589191233
2.3019013382651305
2.4506095430984947
1
1
1
1
2.3198960720665047
2.4498413858250148
2.3186674942316756
2.395567618645805
1
1
1
1
2.4183540120737255
2.393585218863493
2.2626191051641915
2.3721257610037387
1
1
1
1
2.4399070393802833
2.4347473749738344
2.4629234849654047
2.3455546000522003
1
1
1
1
0
0
0
0
1
1
1
1
2.3556766301639924
2.346339620038898
2.3965316867152424
2.2642015391036105
1
1
1
1
2.4261215554549524
2.284059115478533
2.2872060127086282
2.4232011625614622
1
1
1
1
2.403257069158007
2.253036942991109
2.3861689951963654
2.281505023424045
1
1
1
1
2.308176534274723
2.3084021045113
2.4714574723736553
2.2563402413907316
1
1
1
1
2.4317990660276294
2.460855856133831
2.419949082172713
2.427317106626698
1
1
1
1
2.3200317965953188
2.496825323040481
2.332474614492908
2.417250387678041
1
1
1
1
2.4824700731799645
2.2883619731670883
2.3224853050626053
2.4086357908870033
1
1
1
1
2.3395032211515487
2.314199044783338
2.3287629812929262
2.291747913974079
1
1
1
1
2.296801642366302
2.2829793434379466
2.3018878925401545
2.388186534145066
1
1
1
1
2.399647180323891
2.491990830969952
2.4377301617115923
2.3950311820853214
1
1
1
1
2.279708963149473
2.4863440682483477
2.4135234522647027
2.2884427974039934
1
1
1
1
2.382932248407899
2.406801876414565
2.4109252216464663
2.2771290780177194
1
1
1
1
2.275492361907745
2.2791472166153324
2.3138664889406626
2.443342911299486
1
1
1
1
0
0
0
0
1
1
1
1
2.313548475043423
2.362036398290354
2.3149096856743703
2.2714666572966515
1
1
1
1
0
0
0
0
1
1
1
1
2.4596614154150074
2.4196280219356683
2.3946594996142414
2.288411321944493
1
1
1
1
2.434134555687057
2.2950663215616403
2.3239242848991366
2.2825257511774244
1
1
1
1
0
0
0
0
1
1
1
1
2.3171856253392153
2.3024363976950104
2.4545747895109997
2.3671579313677142
1
1
1
1
2.3901882724838
2.3282771744474027
2.4945595794277726
2.285744852422944
1
1
1
1
2.2956644680854263
2.406784995835853
2.498456113473241
2.478702246109329
1
1
1
1
2.491205766600563
2.3357725676668277
2.3962682528906987
2.499615728935066
1
1
1
1
0
0
0
0
1
1
1
1
2.340588516131139
2.300801208494745
2.316797415635768
2.444398182528863
1
1
1
1
2.253352346010397
2.3642022489054875
2.4262369435160576
2.471874016381805
1
1
1
1
2.317008438350337
2.490547708659355
2.3951147395139953
2.4001719246811426
1
1
1
1
2.390767949441979
2.43925008498938
2.462088523917438
2.4567247102168093
1
1
1
1
0
0
0
0
1
1
1
1
0
0
0
0
1
1
1
1
2.401439908266532
2.331091601368397
2.3019409217565707
2.4394767511046322
1
1
1
1
2.3996774799626315
2.251623105225092
2.331224980935717
2.2772918730816785
1
1
1
1
0
0
0
0
1
1
1
1
2.4211305183560476
2.3329286227845345
2.4842868608741866
2.4798418018417143
1
1
1
1
2.49981112149936
2.305250605453585
2.3699670052356
2.3023456744158604
1
1
1
1
2.319702689124495
2.4452058610096636
2.2798731140175383
2.474108453731712
1
1
1
1
2.4729381249648608
2.48352227413294
2.4087054074504173
2.3605469692537273
1
1
1
1
2.4343006002601046
2.2816895248970024
2.276609304462825
2.389170947231614
1
1
1
1
0
0
0
0
1
1
1
1
2.2958655252003974
2.3162963265515586
2.302431865434514
2.309700546219497
1
1
1
1
0
0
0
0
1
1
1
1
2.3601852522688898
2.450760117950731
2.491589284712865
2.3020828032546206
1
1
1
1
0
0
0
0
1
1
1
1
2.4819454820980007
2.366591526681576
2.360289308681684
2.3359223270400564
1
1
1
1
2.2714026254069855
2.441923348931538
2.28721307787596
2.347876171441828
1
1
1
1
2.3292605856926674
2.3422689541437802
2.33316821677527
2.3489602646843406
1
1
1
1
2.322402399798433
2.265328609527429
2.37301030909254
2.299844304419701
1
1
1
1
2.334404927631576
2.2922640696319494
2.3680473709044616
2.2678903324730038
1
1
1
1
2.3727011721416074
2.33048046027233
2.296810981939126
2.482160739023076
1
1
1
1
0
0
0
0
1
1
1
1
0
0
0
0
1
1
1
1
2.369486090117889
2.275063078681965
2.47454240791246
2.4344388225623574
1
1
1
1
2.312587291323551
2.259021745146819
2.4399880346889757
2.2531148642564625
1
1
1
1
2.3928394393258805
2.4436689428400395
2.445065137342794
2.295899919305303
1
1
1
1
2.2540613530796727
2.442325779138159
2.4158014767945537
2.4607549560902617
1
1
1
1
2.392112162398594
2.3783710596292176
2.465588322180776
2.382218610325469
1
1
1
1
2.360666875843249
2.355935603841557
2.307564242011126
2.445700631392195
1
1
1
1
2.366153738403119
2.2507461995373306
2.4727822114528646
2.442555042668204
1
1
1
1
2.370949302873195
2.4691102079442966
2.3283892603401974
2.376971918265804
1
1
1
1
2.3945866427110953
2.3068188163977013
2.4972768146469257
2.481371090908621
1
1
1
1
0
0
0
0
1
1
1
1
2.3702385519210547
2.476112075752069
2.416859276710695
2.4266332566118454
1
1
1
1
0
0
0
0
1
1
1
1
2.3742503299917637
2.4568698548015986
2.414070710644907
2.3513934854472383
1
1
1
1
2.371936796748138
2.2611206847701633
2.353249179582385
2.43557007878057
1
1
1
1
2.3303532652327137
2.394174271648895
2.256590942129436
2.4827861802049895
1
1
1
1
2.4939791399199387
2.493068516405802
2.36149934776367
2.3649358069662045
1
1
1
1
2.380736000532241
2.3407319229329726
2.369228521159779
2.463189953117003
1
1
1
1
2.2768851725749797
2.4647802559015193
2.289543220547544
2.354898206524092
1
1
1
1
2.4542714472751594
2.384911628628904
2.4740492848676907
2.4408021935877193
1
1
1
1
0
0
0
0
1
1
1
1
2.3704115081277912
2.328516727208137
2.3625825747470977
2.332271154465121
1
1
1
1
2.279422036767945
2.361876135755666
2.493024846141657
2.4510999277602843
1
1
1
1
2.412160454504888
2.306792362511039
2.368815651219705
2.3940464910490857
1
1
1
1
2.4269873461870817
2.3916110795387793
2.2983957735423157
2.405683882502114
1
1
1
1
2.4409644691041805
2.4942720811230115
2.470497082254096
2.369931906080363
1
1
1
1
0
0
0
0
1
1
1
1
0
0
0
0
1
1
1
1
2.318290376303427
2.337625686028601
2.4161891218568488
2.312991640958541
1
1
1
1
2.297100528538749
2.2526108439691477
2.439450211475595
2.4976482704454464
1
1
1
1
0
0
0
0
1
1
1
1
0
0
0
0
1
1
1
1
2.3578297511837754
2.38599134669795
2.316846254597742
2.319881458710789
1
1
1
1
0
0
0
0
1
1
1
1
0
0
0
0
1
1
1
1
2.462384631618024
2.43865813454311
2.456312768060904
2.4018817480455175
1
1
1
1
2.4847021840932566
2.441183580373159
2.3337892533897273
2.3375710647122165
1
1
1
1
2.3295437229848277
2.358172413912789
2.3861279919351936
2.2912682791961996
1
1
1
1
2.377244214321464
2.2522430212620894
2.390494702994667
2.3933905820541312
1
1
1
1
2.315855068313105
2.499260625816217
2.3194618620680347
2.3190886659145153
1
1
1
1
2.2843340882836505
2.4665238460594234
2.4163217262906778
2.3883277392043367
1
1
1
1
2.390686344358689
2.3256296636517217
2.3401290732809854
2.4693709369730157
1
1
1
1
2.416438477033028
2.291675851109874
2.4403330365707125
2.308417727656476
1
1
1
1
2.346901846850035
2.3987839780120654
2.3524467191954073
2.327902134598183
1
1
1
1
2.3884159504832456
2.3976563711057173
2.4406180458952087
2.3540768457595904
1
1
1
1
2.4856180436372246
2.2874506920209807
2.483396530650308
2.4865810978517953
1
1
1
1
2.3822555480640957
2.3028656316860943
2.4257163363827465
2.334233106828636
1
1
1
1
2.319429566683233
2.4424514015527956
2.266359709417539
2.3539458653283525
1
1
1
1
2.3750662724768943
2.400110313911517
2.3064263543290124
2.4117542566394268
1
1
1
1
2.363010075763005
2.405839558341229
2.360488424633885
2.378150244515596
1
1
1
1
2.3994905069260524
2.345180573386791
2.2830829964889756
2.4102717510270844
1
1
1
1
2.2567511818572035
2.3815910166513707
2.481401275905137
2.3337829613657233
1
1
1
1
2.458163745823214
2.45590319161441
2.3688028193871427
2.266647270641992
1
1
1
1
2.257572803981373
2.446577323656644
2.3679970877140444
2.3028772278204466
1
1
1
1
2.286389953068284
2.4441225756203244
2.252873577131221
2.476639779656509
1
1
1
1
2.4777240549757864
2.3035061239615304
2.360130840001722
2.3069287310228397
1
1
1
1
2.4449472441517663
2.276070642682293
2.359005878989241
2.417146977661866
1
1
1
1
2.438030310484837
2.3924068401164544
2.4521838600923704
2.3942474472145046
1
1
1
1
2.3406715483369953
2.492204627188952
2.315213103570494
2.278523062789634
1
1
1
1
2.4372271759952904
2.4468224479243506
2.4547334917301322
2.336687225055627
1
1
1
1
2.4456898989448934
2.359681499793842
2.477501089966128
2.3247767400595727
1
1
1
1
2.2812586240549715
2.3558239564384063
2.3576997586511617
2.3586454236483054
1
1
1
1
2.4534081172427817
2.379361882909442
2.428016767351229
2.3041854937647726
1
1
1
1
0
0
0
0
1
1
1
1
2.3752138739571333
2.3239358981239846
2.3287616352306015
2.4341161391016852
1
1
1
1
2.271919288076661
2.3175735340615
2.2788267252814376
2.26141041386493
1
1
1
1
2.462196591853437
2.2889241504024103
2.4311552514035526
2.4123675089137655
1
1
1
1
2.4656234369226153
2.3488323302844036
2.4651340827583903
2.443213743914189
1
1
1
1
2.392290128977386
2.368913295107157
2.2985738950208283
2.4393648336608544
1
1
1
1
2.3951342795434627
2.426897713895108
2.279639928674202
2.468207951084158
1
1
1
1
2.461560409146159
2.450394000774357
2.479707734835045
2.271687824209172
1
1
1
1
0
0
0
0
1
1
1
1
2.2826076314825188
2.3077375311893924
2.3931445103100795
2.4662769131776874
1
1
1
1
2.429183873084992
2.493444899130046
2.4194046344987155
2.288704844256527
1
1
1
1
2.385216936649956
2.30991438384458
2.379999867115565
2.2865134796940323
1
1
1
1
2.3978032527559963
2.417668170369541
2.470076806618388
2.309632232507303
1
1
1
1
2.3500802392452305
2.4324078969282565
2.4803343414457966
2.2638227202376564
1
1
1
1
0
0
0
0
1
1
1
1
2.269138073982138
2.4692523747772497
2.453723100566486
2.44415828663921
1
1
1
1
2.4331395220453054
2.3905716225437965
2.40569234869299
2.4053707978942853
1
1
1
1
0
0
0
0
1
1
1
1
0
0
0
0
1
1
1
1
2.2545957659186415
2.416681746531319
2.2993870759284567
2.251026785227564
1
1
1
1
0
0
0
0
1
1
1
1
2.47068604002336
2.4602015007700784
2.3694600161288406
2.311268242630622
1
1
1
1
2.3355860803140676
2.4859396100785562
2.48065733662675
2.455081927671247
1
1
1
1
2.3639259078001733
2.3368705456424115
2.312320906798373
2.305385325968375
1
1
1
1
2.291563387005932
2.2966810651564105
2.286122753217024
2.300038485695698
1
1
1
1
0
0
0
0
1
1
1
1
0
0
0
0
1
1
1
1
2.4913607595695018
2.2990287556186852
2.306019818573796
2.3212455150903932
1
1
1
1
2.2536319449912665
2.3502829834796053
2.3427054353830443
2.295011165252431
1
1
1
1
2.2700905030619367
2.3383507662804552
2.343981959702226
2.412684608257189
1
1
1
1
2.3825929049150987
2.4021098454486536
2.3928188741985656
2.4184461636380172
1
1
1
1
2.4231340666165417
2.480201828488971
2.4364465997925606
2.3389972478120855
1
1
1
1
2.311624444019497
2.390459863535109
2.284914239782933
2.498491502364087
1
1
1
1
2.2626693477268636
2.291790454295811
2.497718764083186
2.4651251198598594
1
1
1
1
2.276474571374623
2.441913187741149
2.3633134892665844
2.4731369455531977
1
1
1
1
2.2888482017248073
2.301330417587806
2.3586450722115324
2.399321384845852
